Time Distance Ego_vehicle_velocity Leading_vehicle_velocity
0.000000000000000000e+00 2.500000000000000000e+02 2.000000000000000000e+01 5.000000000000000000e+00
2.512562814070351536e-01 2.464788767960405096e+02 1.802814070351758602e+01 5.000000000000000000e+00
5.025125628140703071e-01 2.434531956263730876e+02 1.605628140703517559e+01 5.000000000000000000e+00
7.537688442211054607e-01 2.408440137404484460e+02 1.514487369109165016e+01 5.000000000000000000e+00
1.005025125628140614e+00 2.383025720183363774e+02 1.509523974767456167e+01 5.000000000000000000e+00
1.256281407035175768e+00 2.357687615776475241e+02 1.507604143574133104e+01 5.000000000000000000e+00
1.507537688442210921e+00 2.332385682435053411e+02 1.506513978896593109e+01 5.000000000000000000e+00
1.758793969849246075e+00 2.307106034894053437e+02 1.505788711298509064e+01 5.000000000000000000e+00
2.010050251256281229e+00 2.281841897305895941e+02 1.505261760173318208e+01 5.000000000000000000e+00
2.261306532663316382e+00 2.256589357484223797e+02 1.504856625453971475e+01 5.000000000000000000e+00
2.512562814070351536e+00 2.231345914442181595e+02 1.504532618096728491e+01 5.000000000000000000e+00
2.763819095477386689e+00 2.206109854482172921e+02 1.504265841266752979e+01 5.000000000000000000e+00
3.015075376884421843e+00 2.180879942595477416e+02 1.504041217166317601e+01 5.000000000000000000e+00
3.266331658291456996e+00 2.155655253884898457e+02 1.503848700519464821e+01 5.000000000000000000e+00
3.517587939698492150e+00 2.130435074404660725e+02 1.503681306483339597e+01 5.000000000000000000e+00
3.768844221105527303e+00 2.105218839383877310e+02 1.503534007614553936e+01 5.000000000000000000e+00
4.020100502512562457e+00 2.080006092928660735e+02 1.503403080783294143e+01 5.000000000000000000e+00
4.271356783919597611e+00 2.054796460725241332e+02 1.503285702066832741e+01 5.000000000000000000e+00
4.522613065326632764e+00 2.029589630958084001e+02 1.503179685515727293e+01 5.000000000000000000e+00
4.773869346733667918e+00 2.004385340609446757e+02 1.503083309062378170e+01 5.000000000000000000e+00
5.025125628140703071e+00 1.979183365394158898e+02 1.502995195178785970e+01 5.000000000000000000e+00
5.276381909547738225e+00 1.953983512215970961e+02 1.502914227033958028e+01 5.000000000000000000e+00
5.527638190954773378e+00 1.928785613413873534e+02 1.502839488310594973e+01 5.000000000000000000e+00
5.778894472361808532e+00 1.903589522305135517e+02 1.502770219175356026e+01 5.000000000000000000e+00
6.030150753768843686e+00 1.878395109684824149e+02 1.502705783516770133e+01 5.000000000000000000e+00
6.281407035175878839e+00 1.853202261042293912e+02 1.502645644194339525e+01 5.000000000000000000e+00
6.532663316582913993e+00 1.828010874322937980e+02 1.502589344082146816e+01 5.000000000000000000e+00
6.783919597989949146e+00 1.802820858110076756e+02 1.502536491369131255e+01 5.000000000000000000e+00
7.035175879396984300e+00 1.777632130134439592e+02 1.502486748030672992e+01 5.000000000000000000e+00
7.286432160804019453e+00 1.752444616041861991e+02 1.502439820693403405e+01 5.000000000000000000e+00
7.537688442211054607e+00 1.727258248366542546e+02 1.502395453327426189e+01 5.000000000000000000e+00
7.788944723618089760e+00 1.702072965669445352e+02 1.502353421349078033e+01 5.000000000000000000e+00
8.040201005025124914e+00 1.676888711810495920e+02 1.502313526823364143e+01 5.000000000000000000e+00
8.291457286432159179e+00 1.651705435330024727e+02 1.502275594531667835e+01 5.000000000000000000e+00
8.542713567839195221e+00 1.626523088920057489e+02 1.502239468726152971e+01 5.000000000000000000e+00
8.793969849246231263e+00 1.601341628970001238e+02 1.502205010433496746e+01 5.000000000000000000e+00
9.045226130653265528e+00 1.576161015174316731e+02 1.502172095201351354e+01 5.000000000000000000e+00
9.296482412060299794e+00 1.550981210192144033e+02 1.502140611204108822e+01 5.000000000000000000e+00
9.547738693467335835e+00 1.525802179350712890e+02 1.502110457642172392e+01 5.000000000000000000e+00
9.798994974874371877e+00 1.500623890385844277e+02 1.502081543382459827e+01 5.000000000000000000e+00
1.005025125628140614e+01 1.475446313214026759e+02 1.502053785798319296e+01 5.000000000000000000e+00
1.030150753768844041e+01 1.450269419731494622e+02 1.502027109775188229e+01 5.000000000000000000e+00
1.055276381909547645e+01 1.425093183636498964e+02 1.502001446854716527e+01 5.000000000000000000e+00
1.080402010050251249e+01 1.399917580271581699e+02 1.501976734495131005e+01 5.000000000000000000e+00
1.105527638190954676e+01 1.374742586483166917e+02 1.501952915429631297e+01 5.000000000000000000e+00
1.130653266331658102e+01 1.349568180496199261e+02 1.501929937107823676e+01 5.000000000000000000e+00
1.155778894472361706e+01 1.324394341801909434e+02 1.501907751207783548e+01 5.000000000000000000e+00
1.180904522613065311e+01 1.299221051057058958e+02 1.501886313208429335e+01 5.000000000000000000e+00
1.206030150753768737e+01 1.274048289993265541e+02 1.501865582013590483e+01 5.000000000000000000e+00
1.231155778894472164e+01 1.248876041335199290e+02 1.501845519620544422e+01 5.000000000000000000e+00
1.256281407035175768e+01 1.223704288726614919e+02 1.501826090826934923e+01 5.000000000000000000e+00
1.281407035175879372e+01 1.198533016663320581e+02 1.501807262970929813e+01 5.000000000000000000e+00
1.306532663316582799e+01 1.173362210432303101e+02 1.501789005700250357e+01 5.000000000000000000e+00
1.331658291457286225e+01 1.148191856056333080e+02 1.501771290766358824e+01 5.000000000000000000e+00
1.356783919597989829e+01 1.123021940243460222e+02 1.501754091840625804e+01 5.000000000000000000e+00
1.381909547738693433e+01 1.097852450340880068e+02 1.501737384349758564e+01 5.000000000000000000e+00
1.407035175879396860e+01 1.072683374292717531e+02 1.501721145328147777e+01 5.000000000000000000e+00
1.432160804020100286e+01 1.047514700601329878e+02 1.501705353285117006e+01 5.000000000000000000e+00
1.457286432160803891e+01 1.022346418291776331e+02 1.501689988085326810e+01 5.000000000000000000e+00
1.482412060301507495e+01 9.971785168791443255e+01 1.501675030840823055e+01 5.000000000000000000e+00
1.507537688442210921e+01 9.720109863384541882e+01 1.501660463813410473e+01 5.000000000000000000e+00
1.532663316582914348e+01 9.468438170769000806e+01 1.501646270326205546e+01 5.000000000000000000e+00
1.557788944723617952e+01 9.216769999082085008e+01 1.501632434683365425e+01 5.000000000000000000e+00
1.582914572864321556e+01 8.965105260289205091e+01 1.501618942097115195e+01 5.000000000000000000e+00
1.608040201005024983e+01 8.713443869964237365e+01 1.501605778621300225e+01 5.000000000000000000e+00
1.633165829145728409e+01 8.461785747085779974e+01 1.501592931090787353e+01 5.000000000000000000e+00
1.658291457286431836e+01 8.210161377661611937e+01 1.500940852212673882e+01 5.000000000000000000e+00
1.683417085427135618e+01 7.959099769178138217e+01 1.496912953041326233e+01 5.000000000000000000e+00
1.708542713567839044e+01 7.709480909732286591e+01 1.489530264078146971e+01 5.000000000000000000e+00
1.733668341708542471e+01 7.462094367593331867e+01 1.479208935099216404e+01 5.000000000000000000e+00
1.758793969849246253e+01 7.217631170873210067e+01 1.466318570672461519e+01 5.000000000000000000e+00
1.783919597989949679e+01 6.976694542696120038e+01 1.451189577585534174e+01 5.000000000000000000e+00
1.809045226130653106e+01 6.739808991734913945e+01 1.434118978318286253e+01 5.000000000000000000e+00
1.834170854271356532e+01 6.507428095147565728e+01 1.415375057821428761e+01 5.000000000000000000e+00
1.859296482412059959e+01 6.279941231739140761e+01 1.395201110970576508e+01 5.000000000000000000e+00
1.884422110552763741e+01 6.057679465237467298e+01 1.373818488585778219e+01 5.000000000000000000e+00
1.909547738693467167e+01 5.840920734376304324e+01 1.351429090714525927e+01 5.000000000000000000e+00
1.934673366834170594e+01 5.629894473798574950e+01 1.328217420522345726e+01 5.000000000000000000e+00
1.959798994974874375e+01 5.424785764716880010e+01 1.304352286375998737e+01 5.000000000000000000e+00
1.984924623115577802e+01 5.225739094768456283e+01 1.279988220695301315e+01 5.000000000000000000e+00
2.010050251256281229e+01 5.032861791140208396e+01 1.255266669950248293e+01 5.000000000000000000e+00
2.035175879396984655e+01 4.846227178787012946e+01 1.230316999445496329e+01 5.000000000000000000e+00
2.060301507537688082e+01 4.665877505678056991e+01 1.205257348317949351e+01 5.000000000000000000e+00
2.085427135678391863e+01 4.491826668938629297e+01 1.180195363800173247e+01 5.000000000000000000e+00
2.110552763819095290e+01 4.324062769109614379e+01 1.155228838785263612e+01 5.000000000000000000e+00
2.135678391959798716e+01 4.162550514230324694e+01 1.130446272712250000e+01 5.000000000000000000e+00
2.160804020100502498e+01 4.007233490845349877e+01 1.105927372514295115e+01 5.000000000000000000e+00
2.185929648241205925e+01 3.858036315182137344e+01 1.081743507642840640e+01 5.000000000000000000e+00
2.211055276381909351e+01 3.714866674524174783e+01 1.057958130858699697e+01 5.000000000000000000e+00
2.236180904522612778e+01 3.577617266126207340e+01 1.034627174463838983e+01 5.000000000000000000e+00
2.261306532663316204e+01 3.446167638815769152e+01 1.011799429862860933e+01 5.000000000000000000e+00
2.286432160804019986e+01 3.320385940647805967e+01 9.895169167417188660e+00 5.000000000000000000e+00
2.311557788944723413e+01 3.200130574584466103e+01 9.678152467014701443e+00 5.000000000000000000e+00
2.336683417085426839e+01 3.085251763124568214e+01 9.467239848690285342e+00 5.000000000000000000e+00
2.361809045226130621e+01 2.975593022074467342e+01 9.262670118171001832e+00 5.000000000000000000e+00
2.386934673366834048e+01 2.870992543202425651e+01 9.064628870608231637e+00 5.000000000000000000e+00
2.412060301507537474e+01 2.771284485320467539e+01 8.873252144623780424e+00 5.000000000000000000e+00
2.437185929648240901e+01 2.676300173358222168e+01 8.688630090720543819e+00 5.000000000000000000e+00
2.462311557788944327e+01 2.585869205198083520e+01 8.510810642697721917e+00 5.000000000000000000e+00
2.487437185929648109e+01 2.499820466395171792e+01 8.339803175479218567e+00 5.000000000000000000e+00
2.512562814070351536e+01 2.417983053373344760e+01 8.175582128946381033e+00 5.000000000000000000e+00
2.537688442211054962e+01 2.340187106234733960e+01 8.018090574926347358e+00 5.000000000000000000e+00
2.562814070351758744e+01 2.266264552911334462e+01 7.867243703349590334e+00 5.000000000000000000e+00
2.587939698492462171e+01 2.196049766991513152e+01 7.722932203641369675e+00 5.000000000000000000e+00
2.613065326633165597e+01 2.129380142143960697e+01 7.585025518506284037e+00 5.000000000000000000e+00
2.638190954773869024e+01 2.066096586612452768e+01 7.453374949232301816e+00 5.000000000000000000e+00
2.663316582914572450e+01 2.006043941747112314e+01 7.327816594294304764e+00 5.000000000000000000e+00
2.688442211055276232e+01 1.949071328956960159e+01 7.208174106185601282e+00 5.000000000000000000e+00
2.713567839195979658e+01 1.895032429804260232e+01 7.094261254860811938e+00 5.000000000000000000e+00
2.738693467336683085e+01 1.843785704208093179e+01 6.985884289759179744e+00 5.000000000000000000e+00
2.763819095477386867e+01 1.795194551881465372e+01 6.882844095937043605e+00 5.000000000000000000e+00
2.788944723618090293e+01 1.749127422195412862e+01 6.784938143238808728e+00 5.000000000000000000e+00
2.814070351758793720e+01 1.705457877650423271e+01 6.691962230571336434e+00 5.000000000000000000e+00
2.839195979899497146e+01 1.664064616047770784e+01 6.603712030138744637e+00 5.000000000000000000e+00
2.864321608040200573e+01 1.624831456300331922e+01 6.519984438891333056e+00 5.000000000000000000e+00
2.889447236180904355e+01 1.587647292614499861e+01 6.440578746417038758e+00 5.000000000000000000e+00
2.914572864321607781e+01 1.552406021522625679e+01 6.365297630050934075e+00 5.000000000000000000e+00
2.939698492462311208e+01 1.519006445959590579e+01 6.293947989110352026e+00 5.000000000000000000e+00
2.964824120603014990e+01 1.487352160267827195e+01 6.226341630906846447e+00 5.000000000000000000e+00
2.989949748743718416e+01 1.457351419691610239e+01 6.162295821577737698e+00 5.000000000000000000e+00
3.015075376884421843e+01 1.500681768927690385e+01 6.580192005683673351e+00 1.000000000000000000e+01
3.040201005025125269e+01 1.578283549556155130e+01 7.216926668583158566e+00 1.000000000000000000e+01
3.065326633165828696e+01 1.641632248371425717e+01 7.721920830726217488e+00 1.000000000000000000e+01
3.090452261306532478e+01 1.693569389209342191e+01 8.129885146984618061e+00 1.000000000000000000e+01
3.115577889447235904e+01 1.736226769289600824e+01 8.463729903392104958e+00 1.000000000000000000e+01
3.140703517587939331e+01 1.771254454745016460e+01 8.739457018542969635e+00 1.000000000000000000e+01
3.165829145728643113e+01 1.799958995363073200e+01 8.968719705668256381e+00 1.000000000000000000e+01
3.190954773869346539e+01 1.823392798138089077e+01 9.160279800660273253e+00 1.000000000000000000e+01
3.216080402010049966e+01 1.842414784426553709e+01 9.320892193847670981e+00 1.000000000000000000e+01
3.241206030150753747e+01 1.857733218746756521e+01 9.455869872403312115e+00 1.000000000000000000e+01
3.266331658291456819e+01 1.869936906981393676e+01 9.569460094145950890e+00 1.000000000000000000e+01
3.291457286432160600e+01 1.879518523767443483e+01 9.665103618887636472e+00 1.000000000000000000e+01
3.316582914572863672e+01 1.886892438917465853e+01 9.745618634809131819e+00 1.000000000000000000e+01
3.341708542713567454e+01 1.892408593288839569e+01 9.813334558232586602e+00 1.000000000000000000e+01
3.366834170854271235e+01 1.896363470344661906e+01 9.870191500739396773e+00 1.000000000000000000e+01
3.391959798994974307e+01 1.899008888618764956e+01 9.917815628620877177e+00 1.000000000000000000e+01
3.417085427135678088e+01 1.900559129723220764e+01 9.957577218883381320e+00 1.000000000000000000e+01
3.442211055276381870e+01 1.901196774781348608e+01 9.990636050637457188e+00 1.000000000000000000e+01
3.467336683417084942e+01 1.901077524526373708e+01 1.001797736321170262e+01 1.000000000000000000e+01
3.492462311557788723e+01 1.900334209657254902e+01 1.004044067574067256e+01 1.000000000000000000e+01
3.517587939698492505e+01 1.899080148882013219e+01 1.005874312652261615e+01 1.000000000000000000e+01
3.542713567839195576e+01 1.897411976280068657e+01 1.007349854970367353e+01 1.000000000000000000e+01
3.567839195979899358e+01 1.895412033145551689e+01 1.008523319637289895e+01 1.000000000000000000e+01
3.592964824120602430e+01 1.893150399625169911e+01 1.009439878500747056e+01 1.000000000000000000e+01
3.618090452261306211e+01 1.890686626385939917e+01 1.010138340496925125e+01 1.000000000000000000e+01
3.643216080402009993e+01 1.888071214954146271e+01 1.010652067816397448e+01 1.000000000000000000e+01
3.668341708542713064e+01 1.885346886350895801e+01 1.011009749567103455e+01 1.000000000000000000e+01
3.693467336683416846e+01 1.882549670563854605e+01 1.011236057963697554e+01 1.000000000000000000e+01
3.718592964824119917e+01 1.879709843770606525e+01 1.011352207007518622e+01 1.000000000000000000e+01
3.743718592964823699e+01 1.876852735723435472e+01 1.011376429724451143e+01 1.000000000000000000e+01
3.768844221105527481e+01 1.873999426064399287e+01 1.011324387000120950e+01 1.000000000000000000e+01
3.793969849246230552e+01 1.871167345373471846e+01 1.011209518677200947e+01 1.000000000000000000e+01
3.819095477386934334e+01 1.868370794318050798e+01 1.011043345700459817e+01 1.000000000000000000e+01
3.844221105527638116e+01 1.865621392260031897e+01 1.010835730595381499e+01 1.000000000000000000e+01
3.869346733668341187e+01 1.862928465003045631e+01 1.010595102359332387e+01 1.000000000000000000e+01
3.894472361809044969e+01 1.860299379962236799e+01 1.010328650865548283e+01 1.000000000000000000e+01
3.919597989949748751e+01 1.857739835861256594e+01 1.010042495080672431e+01 1.000000000000000000e+01
3.944723618090451822e+01 1.855254113065823063e+01 1.009741828738839864e+01 1.000000000000000000e+01
3.969849246231155604e+01 1.852845289818412766e+01 1.009431046570696289e+01 1.000000000000000000e+01
3.994974874371858675e+01 1.850515428918859939e+01 1.009113853732071497e+01 1.000000000000000000e+01
4.020100502512562457e+01 1.848265738780261813e+01 1.008793360696976826e+01 1.000000000000000000e+01
4.045226130653266239e+01 1.846096712261920203e+01 1.008472165559603795e+01 1.000000000000000000e+01
4.070351758793969310e+01 1.844008246227376802e+01 1.008152425419286224e+01 1.000000000000000000e+01
4.095477386934673092e+01 1.841999744384671089e+01 1.007835918292417432e+01 1.000000000000000000e+01
4.120603015075376163e+01 1.840070205628425981e+01 1.007524096799195945e+01 1.000000000000000000e+01
4.145728643216079945e+01 1.838218299811451573e+01 1.007218134705268753e+01 1.000000000000000000e+01
4.170854271356783727e+01 1.836442432620729193e+01 1.006918967254329544e+01 1.000000000000000000e+01
4.195979899497486798e+01 1.834740801013407818e+01 1.006627326103811804e+01 1.000000000000000000e+01
4.221105527638190580e+01 1.833111440478135634e+01 1.006343769568949398e+01 1.000000000000000000e+01
4.246231155778894362e+01 1.831552265221736420e+01 1.006068708788126642e+01 1.000000000000000000e+01
4.271356783919597433e+01 1.830061102237517545e+01 1.005802430342503762e+01 1.000000000000000000e+01
4.296482412060301215e+01 1.828635720086489869e+01 1.005545115793603905e+01 1.000000000000000000e+01
4.321608040201004997e+01 1.827273853114016333e+01 1.005296858542411620e+01 1.000000000000000000e+01
4.346733668341708068e+01 1.825973221729722340e+01 1.005057678361273510e+01 1.000000000000000000e+01
4.371859296482411850e+01 1.824731549296080857e+01 1.004827533904459180e+01 1.000000000000000000e+01
4.396984924623114921e+01 1.823546576099318983e+01 1.004606333463702761e+01 1.000000000000000000e+01
4.422110552763818703e+01 1.822416070813798328e+01 1.004393944200622890e+01 1.000000000000000000e+01
4.447236180904522485e+01 1.821337839816614235e+01 1.004190200057938753e+01 1.000000000000000000e+01
4.472361809045225556e+01 1.820309734661778123e+01 1.003994908525275243e+01 1.000000000000000000e+01
4.497487437185929338e+01 1.819329657982105530e+01 1.003807856412584698e+01 1.000000000000000000e+01
4.522613065326632409e+01 1.818395568051034061e+01 1.003628814764366872e+01 1.000000000000000000e+01
4.547738693467336191e+01 1.817505482205356060e+01 1.003457543030572552e+01 1.000000000000000000e+01
4.572864321608039972e+01 1.816657479302667966e+01 1.003293792594990741e+01 1.000000000000000000e+01
4.597989949748743044e+01 1.815849701363705648e+01 1.003137309748780837e+01 1.000000000000000000e+01
4.623115577889446826e+01 1.815080354529180440e+01 1.002987838185343072e+01 1.000000000000000000e+01
4.648241206030150607e+01 1.814347709442868961e+01 1.002845121082740398e+01 1.000000000000000000e+01
4.673366834170853679e+01 1.813650101157193006e+01 1.002708902831176907e+01 1.000000000000000000e+01
4.698492462311557460e+01 1.812985928644050659e+01 1.002578930455454476e+01 1.000000000000000000e+01
4.723618090452261242e+01 1.812353653981969259e+01 1.002454954775725682e+01 1.000000000000000000e+01
4.748743718592964314e+01 1.811751801280498952e+01 1.002336731344103171e+01 1.000000000000000000e+01
4.773869346733668095e+01 1.811178955393983259e+01 1.002224021189681480e+01 1.000000000000000000e+01
4.798994974874371167e+01 1.810633760469211495e+01 1.002116591400160139e+01 1.000000000000000000e+01
4.824120603015074948e+01 1.810114918364872238e+01 1.002014215564469346e+01 1.000000000000000000e+01
4.849246231155778730e+01 1.809621186975016371e+01 1.001916674097492432e+01 1.000000000000000000e+01
4.874371859296481801e+01 1.809151378483808870e+01 1.001823754465113936e+01 1.000000000000000000e+01
4.899497487437185583e+01 1.808704357574584165e+01 1.001735251325323794e+01 1.000000000000000000e+01
4.924623115577888655e+01 1.808279039612555650e+01 1.001650966598942105e+01 1.000000000000000000e+01
4.949748743718592436e+01 1.807874388817355538e+01 1.001570709481645949e+01 1.000000000000000000e+01
4.974874371859296218e+01 1.807489416438858498e+01 1.001494296407344109e+01 1.000000000000000000e+01
5.000000000000000000e+01 1.807123178947403730e+01 1.001421550971527985e+01 1.000000000000000000e+01
